BENCHMARK RESULTS SUMMARY
==========================================================================================
Size       Sparsity     NNZ          Time (s)     GFlop/s      Memory (MB) 
------------------------------------------------------------------------------------------
100             90.00% 1000           0.000006      0.3352        0.01
100             95.00% 500            0.000006      0.1765        0.01
100             99.00% 100            0.000005      0.0370        0.00
100             99.90% 10             0.000007      0.0031        0.00
500             90.00% 25000          0.000025      1.9973        0.29
500             95.00% 12500          0.000015      1.6816        0.14
500             99.00% 2500           0.000012      0.4323        0.03
500             99.90% 250            0.000008      0.0595        0.00
1000            90.00% 100000         0.000084      2.3895        1.15
1000            95.00% 50000          0.000042      2.4077        0.58
1000            99.00% 10000          0.000015      1.3575        0.12
1000            99.90% 1000           0.000007      0.2927        0.02
2000            90.00% 400000         0.000315      2.5435        4.59
2000            95.00% 200000         0.000140      2.8497        2.30
2000            99.00% 40000          0.000034      2.3324        0.47
2000            99.90% 4000           0.000014      0.5634        0.05
5000            90.00% 2500000        0.002507      1.9942       28.63
5000            95.00% 1250000        0.001223      2.0440       14.32
5000            99.00% 250000         0.000175      2.8533        2.88
5000            99.00% 250000         0.000177      2.8259        2.88
5000            99.90% 25000          0.000049      1.0197        0.31
7500            99.00% 562500         0.000405      2.7782        6.47
11250           99.00% 1265625        0.001174      2.1567       14.53
16875           99.00% 2847656        0.002757      2.0661       32.65
25312           99.00% 6406973        0.006692      1.9147       73.42
